100
-0.000000 -7.500000
-0.089088 -7.143647
-0.178177 -6.787293
-0.267265 -6.430940
-0.356353 -6.074587
-0.445442 -5.718233
-0.534530 -5.361880
-0.623618 -5.005527
-0.712707 -4.649173
-0.781679 -4.288806
-0.836168 -3.925550
-0.890656 -3.562293
-0.945145 -3.199036
-0.999633 -2.835780
-1.054122 -2.472523
-1.108610 -2.109266
-1.163099 -1.746010
-1.307932 -1.450940
-1.642328 -1.298942
-1.976725 -1.146943
-2.311121 -0.994945
-2.645518 -0.842947
-2.979914 -0.690948
-3.314310 -0.538950
-3.648707 -0.386952
-3.983103 -0.234953
-4.317499 -0.082955
-4.348104 0.069044
-4.013708 0.221042
-3.679312 0.373040
-3.344915 0.525039
-3.010519 0.677037
-2.676122 0.829035
-2.341726 0.981034
-2.007330 1.133032
-1.672933 1.285030
-1.338537 1.437029
-1.168086 1.712763
-1.113597 2.076020
-1.059109 2.439277
-1.004620 2.802533
-0.950131 3.165790
-0.895643 3.529047
-0.841154 3.892303
-0.786666 4.255560
-0.720860 4.616559
-0.631772 4.972912
-0.542684 5.329266
-0.453595 5.685619
-0.364507 6.041972
-0.275419 6.398326
-0.186330 6.754679
-0.097242 7.111032
-0.008154 7.467386
0.033205 7.167954
0.069754 6.802456
0.106304 6.436958
0.142854 6.071461
0.179404 5.705963
0.215953 5.340465
0.252503 4.974968
0.289053 4.609470
0.325603 4.243972
0.362153 3.878475
0.398702 3.512977
0.435252 3.147479
0.618322 2.859732
0.900505 2.624579
1.182689 2.389426
1.464872 2.154273
1.747056 1.919120
2.029239 1.683967
2.227025 1.423418
2.121476 1.071588
2.015928 0.719759
1.910379 0.367930
1.804830 0.016100
1.900719 -0.335729
2.006268 -0.687558
2.111816 -1.039388
2.217365 -1.391217
2.055065 -1.662445
1.772882 -1.897598
1.490698 -2.132751
1.208515 -2.367904
0.926331 -2.603057
0.644148 -2.838210
0.438597 -3.114028
0.402047 -3.479526
0.365498 -3.845023
0.328948 -4.210521
0.292398 -4.576019
0.255848 -4.941516
0.219299 -5.307014
0.182749 -5.672512
0.146199 -6.038009
0.109649 -6.403507
0.073100 -6.769005
0.036550 -7.134502
-0.000000 -7.500000
