100
-0.000000 -5.000000
-0.059392 -4.762431
-0.118784 -4.524862
-0.178177 -4.287293
-0.237569 -4.049724
-0.296961 -3.812156
-0.356353 -3.574587
-0.415746 -3.337018
-0.475138 -3.099449
-0.521119 -2.859204
-0.557445 -2.617033
-0.593771 -2.374862
-0.630096 -2.132691
-0.666422 -1.890520
-0.702748 -1.648349
-0.739073 -1.406177
-0.775399 -1.164006
-0.871955 -0.967293
-1.094886 -0.865961
-1.317817 -0.764629
-1.540747 -0.663297
-1.763678 -0.561964
-1.986609 -0.460632
-2.209540 -0.359300
-2.432471 -0.257968
-2.655402 -0.156635
-2.878333 -0.055303
-2.898736 0.046029
-2.675805 0.147361
-2.452874 0.248693
-2.229943 0.350026
-2.007013 0.451358
-1.784082 0.552690
-1.561151 0.654022
-1.338220 0.755355
-1.115289 0.856687
-0.892358 0.958019
-0.778724 1.141842
-0.742398 1.384013
-0.706072 1.626184
-0.669747 1.868356
-0.633421 2.110527
-0.597095 2.352698
-0.560770 2.594869
-0.524444 2.837040
-0.480574 3.077706
-0.421181 3.315275
-0.361789 3.552844
-0.302397 3.790413
-0.243005 4.027981
-0.183612 4.265550
-0.124220 4.503119
-0.064828 4.740688
-0.005436 4.978257
0.022136 4.778636
0.046503 4.534971
0.070869 4.291306
0.095236 4.047640
0.119602 3.803975
0.143969 3.560310
0.168335 3.316645
0.192702 3.072980
0.217069 2.829315
0.241435 2.585650
0.265802 2.341985
0.290168 2.098320
0.412214 1.906488
0.600337 1.749719
0.788459 1.592951
0.976581 1.436182
1.164704 1.279414
1.352826 1.122645
1.484684 0.948945
1.414318 0.714392
1.343952 0.479839
1.273586 0.245286
1.203220 0.010733
1.267146 -0.223819
1.337512 -0.458372
1.407878 -0.692925
1.478243 -0.927478
1.370044 -1.108297
1.181921 -1.265066
0.993799 -1.421834
0.805677 -1.578603
0.617554 -1.735371
0.429432 -1.892140
0.292398 -2.076019
0.268032 -2.319684
0.243665 -2.563349
0.219299 -2.807014
0.194932 -3.050679
0.170566 -3.294344
0.146199 -3.538009
0.121833 -3.781674
0.097466 -4.025340
0.073100 -4.269005
0.048733 -4.512670
0.024367 -4.756335
-0.000000 -5.000000
