100
-7.500000 0.000000
-7.143647 0.089088
-6.787293 0.178177
-6.430940 0.267265
-6.074587 0.356353
-5.718233 0.445442
-5.361880 0.534530
-5.005527 0.623618
-4.649173 0.712707
-4.288806 0.781679
-3.925550 0.836168
-3.562293 0.890656
-3.199036 0.945145
-2.835780 0.999633
-2.472523 1.054122
-2.109266 1.108610
-1.746010 1.163099
-1.450940 1.307932
-1.298942 1.642328
-1.146943 1.976725
-0.994945 2.311121
-0.842947 2.645518
-0.690948 2.979914
-0.538950 3.314310
-0.386952 3.648707
-0.234953 3.983103
-0.082955 4.317499
0.069044 4.348104
0.221042 4.013708
0.373040 3.679312
0.525039 3.344915
0.677037 3.010519
0.829035 2.676122
0.981034 2.341726
1.133032 2.007330
1.285030 1.672933
1.437029 1.338537
1.712763 1.168086
2.076020 1.113597
2.439277 1.059109
2.802533 1.004620
3.165790 0.950131
3.529047 0.895643
3.892303 0.841154
4.255560 0.786666
4.616559 0.720860
4.972912 0.631772
5.329266 0.542684
5.685619 0.453595
6.041972 0.364507
6.398326 0.275419
6.754679 0.186330
7.111032 0.097242
7.467386 0.008154
7.167954 -0.033205
6.802456 -0.069754
6.436958 -0.106304
6.071461 -0.142854
5.705963 -0.179404
5.340465 -0.215953
4.974968 -0.252503
4.609470 -0.289053
4.243972 -0.325603
3.878475 -0.362153
3.512977 -0.398702
3.147479 -0.435252
2.859732 -0.618322
2.624579 -0.900505
2.389426 -1.182689
2.154273 -1.464872
1.919120 -1.747056
1.683967 -2.029239
1.423418 -2.227025
1.071588 -2.121476
0.719759 -2.015928
0.367930 -1.910379
0.016100 -1.804830
-0.335729 -1.900719
-0.687558 -2.006268
-1.039388 -2.111816
-1.391217 -2.217365
-1.662445 -2.055065
-1.897598 -1.772882
-2.132751 -1.490698
-2.367904 -1.208515
-2.603057 -0.926331
-2.838210 -0.644148
-3.114028 -0.438597
-3.479526 -0.402047
-3.845023 -0.365498
-4.210521 -0.328948
-4.576019 -0.292398
-4.941516 -0.255848
-5.307014 -0.219299
-5.672512 -0.182749
-6.038009 -0.146199
-6.403507 -0.109649
-6.769005 -0.073100
-7.134502 -0.036550
-7.500000 0.000000
