100
-6.495191 -3.750000
-6.231124 -3.494671
-5.967057 -3.239341
-5.702990 -2.984012
-5.438923 -2.728682
-5.174856 -2.473353
-4.910789 -2.218023
-4.646722 -1.962694
-4.382656 -1.707365
-4.105055 -1.467449
-3.817710 -1.238633
-3.530364 -1.009816
-3.243019 -0.780999
-2.955674 -0.552182
-2.668328 -0.323365
-2.380983 -0.094549
-2.093638 0.134268
-1.910517 0.407232
-1.946081 0.772827
-1.981644 1.138422
-2.017208 1.504017
-2.052772 1.869612
-2.088336 2.235207
-2.123899 2.600802
-2.159463 2.966397
-2.195027 3.331992
-2.230591 3.697587
-2.114259 3.800091
-1.815426 3.586494
-1.516593 3.372897
-1.217761 3.159301
-0.918928 2.945704
-0.620096 2.732108
-0.321263 2.518511
-0.022430 2.304914
0.276402 2.091318
0.575235 1.877721
0.899254 1.867973
1.241087 2.002413
1.582921 2.136853
1.924755 2.271293
2.266589 2.405733
2.608423 2.540173
2.950256 2.674613
3.292090 2.809053
3.637627 2.932563
3.990782 3.033587
4.343938 3.134611
4.697093 3.235634
5.050248 3.336658
5.403403 3.437682
5.756558 3.538706
6.109714 3.639730
6.462869 3.740754
6.224232 3.555221
5.925977 3.340819
5.627722 3.126417
5.329466 2.912015
5.031211 2.697613
4.732955 2.483212
4.434700 2.268810
4.136445 2.054408
3.838189 1.840006
3.539934 1.625604
3.241679 1.411202
2.943423 1.196800
2.785761 0.894384
2.723205 0.532429
2.660648 0.170475
2.598091 -0.191480
2.535535 -0.553434
2.472978 -0.915389
2.346228 -1.216952
1.988761 -1.301458
1.631293 -1.385965
1.273826 -1.470472
0.916358 -1.554979
0.659609 -1.813935
0.407691 -2.081258
0.155772 -2.348580
-0.096147 -2.615903
-0.412187 -2.610962
-0.756927 -2.484160
-1.101668 -2.357358
-1.446408 -2.230557
-1.791148 -2.103755
-2.135888 -1.976953
-2.477529 -1.936850
-2.812334 -2.087946
-3.147139 -2.239042
-3.481944 -2.390138
-3.816749 -2.541234
-4.151554 -2.692329
-4.486360 -2.843425
-4.821165 -2.994521
-5.155970 -3.145617
-5.490775 -3.296713
-5.825580 -3.447808
-6.160385 -3.598904
-6.495191 -3.750000
