100
-0.000000 -10.000000
-0.118784 -9.524862
-0.237569 -9.049724
-0.356353 -8.574587
-0.475138 -8.099449
-0.593922 -7.624311
-0.712707 -7.149173
-0.831491 -6.674036
-0.950276 -6.198898
-1.042239 -5.718409
-1.114890 -5.234066
-1.187541 -4.749724
-1.260193 -4.265382
-1.332844 -3.781040
-1.405495 -3.296697
-1.478147 -2.812355
-1.550798 -2.328013
-1.743909 -1.934587
-2.189771 -1.731922
-2.635633 -1.529258
-3.081495 -1.326593
-3.527357 -1.123929
-3.973219 -0.921264
-4.419080 -0.718600
-4.864942 -0.515935
-5.310804 -0.313271
-5.756666 -0.110606
-5.797472 0.092058
-5.351611 0.294722
-4.905749 0.497387
-4.459887 0.700051
-4.014025 0.902716
-3.568163 1.105380
-3.122301 1.308045
-2.676440 1.510709
-2.230578 1.713374
-1.784716 1.916038
-1.557447 2.283684
-1.484796 2.768027
-1.412145 3.252369
-1.339493 3.736711
-1.266842 4.221053
-1.194191 4.705396
-1.121539 5.189738
-1.048888 5.674080
-0.961147 6.155412
-0.842363 6.630550
-0.723578 7.105687
-0.604794 7.580825
-0.486009 8.055963
-0.367225 8.531101
-0.248440 9.006238
-0.129656 9.481376
-0.010871 9.956514
0.044273 9.557272
0.093006 9.069941
0.141739 8.582611
0.190472 8.095281
0.239205 7.607951
0.287938 7.120621
0.336671 6.633290
0.385404 6.145960
0.434137 5.658630
0.482870 5.171300
0.531603 4.683969
0.580336 4.196639
0.824429 3.812976
1.200674 3.499439
1.576918 3.185901
1.953163 2.872364
2.329408 2.558827
2.705652 2.245290
2.969367 1.897890
2.828635 1.428784
2.687904 0.959679
2.547172 0.490573
2.406440 0.021467
2.534292 -0.447639
2.675023 -0.916745
2.815755 -1.385850
2.956487 -1.854956
2.740087 -2.216594
2.363843 -2.530131
1.987598 -2.843668
1.611353 -3.157206
1.235109 -3.470743
0.858864 -3.784280
0.584796 -4.152037
0.536063 -4.639368
0.487330 -5.126698
0.438597 -5.614028
0.389864 -6.101358
0.341131 -6.588688
0.292398 -7.076019
0.243665 -7.563349
0.194932 -8.050679
0.146199 -8.538009
0.097466 -9.025340
0.048733 -9.512670
-0.000000 -10.000000
