100
-5.000000 -8.660254
-4.865301 -8.189380
-4.730603 -7.718507
-4.595904 -7.247633
-4.461206 -6.776760
-4.326507 -6.305886
-4.191809 -5.835012
-4.057110 -5.364139
-3.922412 -4.893265
-3.761809 -4.431168
-3.582556 -3.975389
-3.403303 -3.519611
-3.224050 -3.063833
-3.044797 -2.608054
-2.865543 -2.152276
-2.686290 -1.696497
-2.507037 -1.240719
-2.477563 -0.803446
-2.762359 -0.405003
-3.047154 -0.006560
-3.331949 0.391884
-3.616745 0.790327
-3.901540 1.188771
-4.186336 1.587214
-4.471131 1.985658
-4.755927 2.384101
-5.040722 2.782545
-4.974729 2.978461
-4.487269 2.931042
-3.999810 2.883624
-3.512350 2.836206
-3.024890 2.788787
-2.537430 2.741369
-2.049970 2.693951
-1.562510 2.646532
-1.075050 2.599114
-0.587590 2.551696
-0.206947 2.756452
0.098142 3.139579
0.403231 3.522706
0.708320 3.905833
1.013409 4.288960
1.318498 4.672088
1.623587 5.055215
1.928676 5.438342
2.245328 5.811317
2.585767 6.163406
2.926207 6.515495
3.266646 6.867584
3.607085 7.219673
3.947524 7.571762
4.287964 7.923852
4.628403 8.275941
4.968842 8.628030
4.816977 8.254704
4.615516 7.808297
4.414055 7.361890
4.212594 6.915483
4.011133 6.469076
3.809672 6.022669
3.608211 5.576262
3.406750 5.129856
3.205289 4.683449
3.003828 4.237042
2.802366 3.790635
2.600905 3.344228
2.620464 2.889920
2.789533 2.430266
2.958602 1.970613
3.127671 1.510959
3.296740 1.051305
3.465808 0.591652
3.520492 0.158938
3.164062 -0.176954
2.807632 -0.512846
2.451202 -0.848737
2.094772 -1.184629
1.970942 -1.654812
1.858266 -2.131436
1.745590 -2.608059
1.632915 -3.084683
1.264688 -3.289670
0.782082 -3.373079
0.299476 -3.456488
-0.183130 -3.539897
-0.665736 -3.623306
-1.148342 -3.706715
-1.569570 -3.888168
-1.855439 -4.285842
-2.141309 -4.683516
-2.427178 -5.081189
-2.713047 -5.478863
-2.998916 -5.876537
-3.284785 -6.274211
-3.570654 -6.671885
-3.856523 -7.069559
-4.142393 -7.467233
-4.428262 -7.864906
-4.714131 -8.262580
-5.000000 -8.660254
