100
-2.500000 -4.330127
-2.432651 -4.094690
-2.365301 -3.859253
-2.297952 -3.623817
-2.230603 -3.388380
-2.163254 -3.152943
-2.095904 -2.917506
-2.028555 -2.682069
-1.961206 -2.446633
-1.880905 -2.215584
-1.791278 -1.987695
-1.701652 -1.759805
-1.612025 -1.531916
-1.522398 -1.304027
-1.432772 -1.076138
-1.343145 -0.848249
-1.253518 -0.620360
-1.238782 -0.401723
-1.381179 -0.202502
-1.523577 -0.003280
-1.665975 0.195942
-1.808372 0.395164
-1.950770 0.594385
-2.093168 0.793607
-2.235566 0.992829
-2.377963 1.192051
-2.520361 1.391272
-2.487365 1.489230
-2.243635 1.465521
-1.999905 1.441812
-1.756175 1.418103
-1.512445 1.394394
-1.268715 1.370685
-1.024985 1.346975
-0.781255 1.323266
-0.537525 1.299557
-0.293795 1.275848
-0.103473 1.378226
0.049071 1.569790
0.201616 1.761353
0.354160 1.952917
0.506705 2.144480
0.659249 2.336044
0.811794 2.527607
0.964338 2.719171
1.122664 2.905658
1.292884 3.081703
1.463103 3.257747
1.633323 3.433792
1.803543 3.609837
1.973762 3.785881
2.143982 3.961926
2.314201 4.137970
2.484421 4.314015
2.408489 4.127352
2.307758 3.904148
2.207028 3.680945
2.106297 3.457742
2.005566 3.234538
1.904836 3.011335
1.804105 2.788131
1.703375 2.564928
1.602644 2.341724
1.501914 2.118521
1.401183 1.895317
1.300453 1.672114
1.310232 1.444960
1.394767 1.215133
1.479301 0.985306
1.563835 0.755479
1.648370 0.525653
1.732904 0.295826
1.760246 0.079469
1.582031 -0.088477
1.403816 -0.256423
1.225601 -0.424369
1.047386 -0.592315
0.985471 -0.827406
0.929133 -1.065718
0.872795 -1.304030
0.816457 -1.542341
0.632344 -1.644835
0.391041 -1.686540
0.149738 -1.728244
-0.091565 -1.769948
-0.332868 -1.811653
-0.574171 -1.853357
-0.784785 -1.944084
-0.927720 -2.142921
-1.070654 -2.341758
-1.213589 -2.540595
-1.356523 -2.739432
-1.499458 -2.938269
-1.642393 -3.137105
-1.785327 -3.335942
-1.928262 -3.534779
-2.071196 -3.733616
-2.214131 -3.932453
-2.357065 -4.131290
-2.500000 -4.330127
