100
-10.000000 0.000000
-9.524862 0.118784
-9.049724 0.237569
-8.574587 0.356353
-8.099449 0.475138
-7.624311 0.593922
-7.149173 0.712707
-6.674036 0.831491
-6.198898 0.950276
-5.718409 1.042239
-5.234066 1.114890
-4.749724 1.187541
-4.265382 1.260193
-3.781040 1.332844
-3.296697 1.405495
-2.812355 1.478147
-2.328013 1.550798
-1.934587 1.743909
-1.731922 2.189771
-1.529258 2.635633
-1.326593 3.081495
-1.123929 3.527357
-0.921264 3.973219
-0.718600 4.419080
-0.515935 4.864942
-0.313271 5.310804
-0.110606 5.756666
0.092058 5.797472
0.294722 5.351611
0.497387 4.905749
0.700051 4.459887
0.902716 4.014025
1.105380 3.568163
1.308045 3.122301
1.510709 2.676440
1.713374 2.230578
1.916038 1.784716
2.283684 1.557447
2.768027 1.484796
3.252369 1.412145
3.736711 1.339493
4.221053 1.266842
4.705396 1.194191
5.189738 1.121539
5.674080 1.048888
6.155412 0.961147
6.630550 0.842363
7.105687 0.723578
7.580825 0.604794
8.055963 0.486009
8.531101 0.367225
9.006238 0.248440
9.481376 0.129656
9.956514 0.010871
9.557272 -0.044273
9.069941 -0.093006
8.582611 -0.141739
8.095281 -0.190472
7.607951 -0.239205
7.120621 -0.287938
6.633290 -0.336671
6.145960 -0.385404
5.658630 -0.434137
5.171300 -0.482870
4.683969 -0.531603
4.196639 -0.580336
3.812976 -0.824429
3.499439 -1.200674
3.185901 -1.576918
2.872364 -1.953163
2.558827 -2.329408
2.245290 -2.705652
1.897890 -2.969367
1.428784 -2.828635
0.959679 -2.687904
0.490573 -2.547172
0.021467 -2.406440
-0.447639 -2.534292
-0.916745 -2.675023
-1.385850 -2.815755
-1.854956 -2.956487
-2.216594 -2.740087
-2.530131 -2.363843
-2.843668 -1.987598
-3.157206 -1.611353
-3.470743 -1.235109
-3.784280 -0.858864
-4.152037 -0.584796
-4.639368 -0.536063
-5.126698 -0.487330
-5.614028 -0.438597
-6.101358 -0.389864
-6.588688 -0.341131
-7.076019 -0.292398
-7.563349 -0.243665
-8.050679 -0.194932
-8.538009 -0.146199
-9.025340 -0.097466
-9.512670 -0.048733
-10.000000 0.000000
