100
-4.330127 -2.500000
-4.154082 -2.329780
-3.978038 -2.159561
-3.801993 -1.989341
-3.625949 -1.819122
-3.449904 -1.648902
-3.273860 -1.478682
-3.097815 -1.308463
-2.921770 -1.138243
-2.736703 -0.978300
-2.545140 -0.825755
-2.353576 -0.673211
-2.162013 -0.520666
-1.970449 -0.368121
-1.778886 -0.215577
-1.587322 -0.063032
-1.395759 0.089512
-1.273678 0.271488
-1.297387 0.515218
-1.321096 0.758948
-1.344805 1.002678
-1.368515 1.246408
-1.392224 1.490138
-1.415933 1.733868
-1.439642 1.977598
-1.463351 2.221328
-1.487060 2.465058
-1.409506 2.533394
-1.210284 2.390996
-1.011062 2.248598
-0.811841 2.106201
-0.612619 1.963803
-0.413397 1.821405
-0.214175 1.679007
-0.014954 1.536610
0.184268 1.394212
0.383490 1.251814
0.599502 1.245316
0.827392 1.334942
1.055281 1.424569
1.283170 1.514195
1.511059 1.603822
1.738948 1.693449
1.966838 1.783075
2.194727 1.872702
2.425085 1.955042
2.660522 2.022391
2.895958 2.089740
3.131395 2.157090
3.366832 2.224439
3.602269 2.291788
3.837706 2.359137
4.073142 2.426487
4.308579 2.493836
4.149488 2.370147
3.950651 2.227213
3.751814 2.084278
3.552977 1.941343
3.354141 1.798409
3.155304 1.655474
2.956467 1.512540
2.757630 1.369605
2.558793 1.226671
2.359956 1.083736
2.161119 0.940801
1.962282 0.797867
1.857174 0.596256
1.815470 0.354953
1.773765 0.113650
1.732061 -0.127653
1.690356 -0.368956
1.648652 -0.610259
1.564152 -0.811301
1.325841 -0.867639
1.087529 -0.923977
0.849217 -0.980315
0.610905 -1.036652
0.439740 -1.209290
0.271794 -1.387505
0.103848 -1.565720
-0.064098 -1.743935
-0.274792 -1.740641
-0.504618 -1.656107
-0.734445 -1.571572
-0.964272 -1.487038
-1.194099 -1.402503
-1.423925 -1.317969
-1.651686 -1.291234
-1.874889 -1.391964
-2.098093 -1.492695
-2.321296 -1.593425
-2.544500 -1.694156
-2.767703 -1.794886
-2.990906 -1.895617
-3.214110 -1.996347
-3.437313 -2.097078
-3.660517 -2.197808
-3.883720 -2.298539
-4.106924 -2.399269
-4.330127 -2.500000
