100
-3.750000 -6.495191
-3.648976 -6.142035
-3.547952 -5.788880
-3.446928 -5.435725
-3.345904 -5.082570
-3.244880 -4.729414
-3.143857 -4.376259
-3.042833 -4.023104
-2.941809 -3.669949
-2.821357 -3.323376
-2.686917 -2.981542
-2.552477 -2.639708
-2.418037 -2.297874
-2.283597 -1.956041
-2.149158 -1.614207
-2.014718 -1.272373
-1.880278 -0.930539
-1.858172 -0.602585
-2.071769 -0.303752
-2.285366 -0.004920
-2.498962 0.293913
-2.712559 0.592746
-2.926155 0.891578
-3.139752 1.190411
-3.353348 1.489243
-3.566945 1.788076
-3.780542 2.086909
-3.731047 2.233846
-3.365452 2.198282
-2.999857 2.162718
-2.634262 2.127154
-2.268667 2.091591
-1.903072 2.056027
-1.537477 2.020463
-1.171883 1.984899
-0.806288 1.949336
-0.440693 1.913772
-0.155210 2.067339
0.073607 2.354685
0.302423 2.642030
0.531240 2.929375
0.760057 3.216720
0.988874 3.504066
1.217691 3.791411
1.446507 4.078756
1.683996 4.358487
1.939326 4.622554
2.194655 4.886621
2.449984 5.150688
2.705314 5.414755
2.960643 5.678822
3.215973 5.942889
3.471302 6.206956
3.726632 6.471022
3.612733 6.191028
3.461637 5.856223
3.310541 5.521417
3.159445 5.186612
3.008350 4.851807
2.857254 4.517002
2.706158 4.182197
2.555062 3.847392
2.403966 3.512587
2.252871 3.177781
2.101775 2.842976
1.950679 2.508171
1.965348 2.167440
2.092150 1.822700
2.218951 1.477959
2.345753 1.133219
2.472555 0.788479
2.599356 0.443739
2.640369 0.119203
2.373047 -0.132716
2.105724 -0.384634
1.838401 -0.636553
1.571079 -0.888472
1.478206 -1.241109
1.393699 -1.598577
1.309193 -1.956044
1.224686 -2.313512
0.948516 -2.467253
0.586562 -2.529809
0.224607 -2.592366
-0.137348 -2.654923
-0.499302 -2.717479
-0.861257 -2.780036
-1.177178 -2.916126
-1.391580 -3.214381
-1.605981 -3.512637
-1.820383 -3.810892
-2.034785 -4.109147
-2.249187 -4.407403
-2.463589 -4.705658
-2.677991 -5.003914
-2.892393 -5.302169
-3.106794 -5.600424
-3.321196 -5.898680
-3.535598 -6.196935
-3.750000 -6.495191
