100
-8.660254 -5.000000
-8.308165 -4.659561
-7.956076 -4.319122
-7.603987 -3.978682
-7.251897 -3.638243
-6.899808 -3.297804
-6.547719 -2.957365
-6.195630 -2.616925
-5.843541 -2.276486
-5.473406 -1.956599
-5.090279 -1.651510
-4.707152 -1.346421
-4.324025 -1.041332
-3.940898 -0.736243
-3.557771 -0.431154
-3.174644 -0.126065
-2.791517 0.179024
-2.547356 0.542977
-2.594774 1.030436
-2.642193 1.517896
-2.689611 2.005356
-2.737029 2.492816
-2.784448 2.980276
-2.831866 3.467736
-2.879284 3.955196
-2.926703 4.442656
-2.974121 4.930116
-2.819012 5.066787
-2.420568 4.781992
-2.022125 4.497196
-1.623681 4.212401
-1.225238 3.927606
-0.826794 3.642810
-0.428351 3.358015
-0.029907 3.073219
0.368536 2.788424
0.766980 2.503628
1.199005 2.490631
1.654783 2.669884
2.110562 2.849138
2.566340 3.028391
3.022118 3.207644
3.477897 3.386897
3.933675 3.566150
4.389454 3.745404
4.850169 3.910084
5.321043 4.044782
5.791917 4.179481
6.262790 4.314179
6.733664 4.448878
7.204538 4.583576
7.675411 4.718275
8.146285 4.852973
8.617158 4.987672
8.298976 4.740294
7.901303 4.454425
7.503629 4.168556
7.105955 3.882687
6.708281 3.596818
6.310607 3.310949
5.912933 3.025080
5.515260 2.739210
5.117586 2.453341
4.719912 2.167472
4.322238 1.881603
3.924564 1.595734
3.714348 1.192512
3.630940 0.709906
3.547531 0.227300
3.464122 -0.255307
3.380713 -0.737913
3.297304 -1.220519
3.128305 -1.622602
2.651681 -1.735278
2.175058 -1.847954
1.698434 -1.960629
1.221811 -2.073305
0.879479 -2.418580
0.543588 -2.775011
0.207696 -3.131441
-0.128196 -3.487871
-0.549583 -3.481282
-1.009237 -3.312213
-1.468890 -3.143144
-1.928544 -2.974076
-2.388197 -2.805007
-2.847851 -2.635938
-3.303372 -2.582467
-3.749779 -2.783928
-4.196185 -2.985389
-4.642592 -3.186850
-5.088999 -3.388311
-5.535406 -3.589772
-5.981813 -3.791234
-6.428220 -3.992695
-6.874627 -4.194156
-7.321033 -4.395617
-7.767440 -4.597078
-8.213847 -4.798539
-8.660254 -5.000000
