100
-6.000000 -2.000000
-6.000000 -1.595960
-6.000000 -1.191919
-6.000000 -0.787879
-6.000000 -0.383838
-6.000000 0.020202
-6.000000 0.424242
-6.000000 0.828283
-6.000000 1.232323
-6.000000 1.636364
-5.959596 2.000000
-5.555556 2.000000
-5.151515 2.000000
-4.747475 2.000000
-4.343434 2.000000
-3.939394 2.000000
-3.535354 2.000000
-3.131313 2.000000
-2.727273 2.000000
-2.323232 2.000000
-2.000000 2.080808
-2.000000 2.484848
-2.000000 2.888889
-1.707071 3.000000
-1.303030 3.000000
-0.898990 3.000000
-0.494949 3.000000
-0.090909 3.000000
0.313131 3.000000
0.717172 3.000000
1.000000 2.878788
1.000000 2.474747
1.000000 2.070707
1.333333 2.000000
1.737374 2.000000
2.141414 2.000000
2.545455 2.000000
2.949495 2.000000
3.353535 2.000000
3.757576 2.000000
4.161616 2.000000
4.565657 2.000000
4.969697 2.000000
5.373737 2.000000
5.777778 2.000000
6.000000 1.818182
5.914141 1.500000
5.510101 1.500000
5.106061 1.500000
4.702020 1.500000
4.297980 1.500000
3.893939 1.500000
3.489899 1.500000
3.085859 1.500000
3.000000 1.181818
3.000000 0.777778
3.000000 0.373737
3.000000 -0.030303
3.000000 -0.434343
3.000000 -0.838384
3.000000 -1.242424
3.146465 -1.500000
3.550505 -1.500000
3.954545 -1.500000
4.358586 -1.500000
4.762626 -1.500000
5.166667 -1.500000
5.570707 -1.500000
5.974747 -1.500000
6.000000 -1.878788
5.717172 -2.000000
5.313131 -2.000000
4.909091 -2.000000
4.505051 -2.000000
4.101010 -2.000000
3.696970 -2.000000
3.292929 -2.000000
2.888889 -2.000000
2.484848 -2.000000
2.080808 -2.000000
1.676768 -2.000000
1.272727 -2.000000
0.868687 -2.000000
0.464646 -2.000000
0.060606 -2.000000
-0.343434 -2.000000
-0.747475 -2.000000
-1.151515 -2.000000
-1.555556 -2.000000
-1.959596 -2.000000
-2.363636 -2.000000
-2.767677 -2.000000
-3.171717 -2.000000
-3.575758 -2.000000
-3.979798 -2.000000
-4.383838 -2.000000
-4.787879 -2.000000
-5.191919 -2.000000
-5.595960 -2.000000
-6.000000 -2.000000
