100
-4.196152 -4.732051
-4.398173 -4.382142
-4.600193 -4.032232
-4.802213 -3.682323
-5.004233 -3.332414
-5.206253 -2.982505
-5.408274 -2.632595
-5.610294 -2.282686
-5.812314 -1.932777
-6.014334 -1.582868
-6.161161 -1.247747
-5.811252 -1.045727
-5.461343 -0.843707
-5.111434 -0.641687
-4.761524 -0.439666
-4.411615 -0.237646
-4.061706 -0.035626
-3.711797 0.166394
-3.361887 0.368414
-3.011978 0.570435
-2.772455 0.802033
-2.974475 1.151942
-3.176495 1.501851
-2.978367 1.744541
-2.628457 1.946561
-2.278548 2.148581
-1.928639 2.350601
-1.578730 2.552622
-1.228820 2.754642
-0.878911 2.956662
-0.573369 2.993103
-0.371348 2.643194
-0.169328 2.293285
0.154701 2.398717
0.504610 2.600738
0.854519 2.802758
1.204428 3.004778
1.554338 3.206798
1.904247 3.408818
2.254156 3.610839
2.604065 3.812859
2.953975 4.014879
3.303884 4.216899
3.653793 4.418919
4.003702 4.620940
4.287062 4.574592
4.371797 4.256109
4.021887 4.054089
3.671978 3.852068
3.322069 3.650048
2.972160 3.448028
2.622250 3.246008
2.272341 3.043988
1.922432 2.841967
2.007167 2.523485
2.209187 2.173575
2.411208 1.823666
2.613228 1.473757
2.815248 1.123848
3.017268 0.773938
3.219288 0.424029
3.474918 0.274194
3.824828 0.476214
4.174737 0.678235
4.524646 0.880255
4.874555 1.082275
5.224465 1.284295
5.574374 1.486315
5.924283 1.688336
6.135546 1.372922
5.951216 1.126535
5.601307 0.924515
5.251397 0.722495
4.901488 0.520474
4.551579 0.318454
4.201670 0.116434
3.851760 -0.085586
3.501851 -0.287606
3.151942 -0.489627
2.802033 -0.691647
2.452123 -0.893667
2.102214 -1.095687
1.752305 -1.297707
1.402396 -1.499728
1.052486 -1.701748
0.702577 -1.903768
0.352668 -2.105788
0.002759 -2.307808
-0.347151 -2.509829
-0.697060 -2.711849
-1.046969 -2.913869
-1.396878 -3.115889
-1.746788 -3.317909
-2.096697 -3.519930
-2.446606 -3.721950
-2.796515 -3.923970
-3.146425 -4.125990
-3.496334 -4.328010
-3.846243 -4.530031
-4.196152 -4.732051
