100
-1.901924 -9.294229
-2.426788 -8.991198
-2.951652 -8.688168
-3.476515 -8.385138
-4.001379 -8.082107
-4.526243 -7.779077
-5.051107 -7.476047
-5.575971 -7.173017
-6.100835 -6.869986
-6.625699 -6.566956
-7.067773 -6.241742
-6.764743 -5.716878
-6.461713 -5.192014
-6.158682 -4.667151
-5.855652 -4.142287
-5.552622 -3.617423
-5.249591 -3.092559
-4.946561 -2.567695
-4.643531 -2.042831
-4.340500 -1.517967
-4.203049 -1.037470
-4.727913 -0.734440
-5.252777 -0.431410
-5.177417 0.032450
-4.874387 0.557314
-4.571357 1.082178
-4.268326 1.607042
-3.965296 2.131906
-3.662266 2.656770
-3.359236 3.181633
-2.989655 3.458129
-2.464791 3.155099
-1.939927 2.852068
-1.598076 3.232051
-1.295046 3.756915
-0.992016 4.281779
-0.688985 4.806642
-0.385955 5.331506
-0.082925 5.856370
0.220106 6.381234
0.523136 6.906098
0.826166 7.430962
1.129197 7.955826
1.432227 8.480690
1.735257 9.005553
2.138113 9.157865
2.487049 8.807695
2.184019 8.282831
1.880988 7.757967
1.577958 7.233103
1.274928 6.708240
0.971897 6.183376
0.668867 5.658512
0.365837 5.133648
0.714773 4.783478
1.239637 4.480448
1.764501 4.177417
2.289365 3.874387
2.814229 3.571357
3.339093 3.268326
3.863956 2.965296
4.308406 2.962377
4.611436 3.487241
4.914466 4.012105
5.217497 4.536969
5.520527 5.061833
5.823557 5.586697
6.126587 6.111561
6.429618 6.636425
6.940617 6.385138
6.885955 5.926824
6.582925 5.401960
6.279894 4.877096
5.976864 4.352232
5.673834 3.827368
5.370803 3.302505
5.067773 2.777641
4.764743 2.252777
4.461713 1.727913
4.158682 1.203049
3.855652 0.678185
3.552622 0.153321
3.249591 -0.371543
2.946561 -0.896407
2.643531 -1.421270
2.340500 -1.946134
2.037470 -2.470998
1.734440 -2.995862
1.431410 -3.520726
1.128379 -4.045590
0.825349 -4.570454
0.522319 -5.095318
0.219288 -5.620181
-0.083742 -6.145045
-0.386772 -6.669909
-0.689803 -7.194773
-0.992833 -7.719637
-1.295863 -8.244501
-1.598893 -8.769365
-1.901924 -9.294229
