100
-8.392305 -9.464102
-8.796345 -8.764283
-9.200386 -8.064465
-9.604426 -7.364646
-10.008466 -6.664828
-10.412507 -5.965009
-10.816547 -5.265191
-11.220588 -4.565372
-11.624628 -3.865554
-12.028668 -3.165735
-12.322323 -2.495494
-11.622504 -2.091454
-10.922686 -1.687414
-10.222867 -1.283373
-9.523049 -0.879333
-8.823230 -0.475292
-8.123412 -0.071252
-7.423593 0.332788
-6.723775 0.736829
-6.023956 1.140869
-5.544910 1.604065
-5.948950 2.303884
-6.352991 3.003702
-5.956733 3.489082
-5.256915 3.893122
-4.557096 4.297163
-3.857278 4.701203
-3.157459 5.105243
-2.457641 5.509284
-1.757822 5.913324
-1.146737 5.986207
-0.742697 5.286388
-0.338656 4.586570
0.309401 4.797435
1.009220 5.201475
1.709038 5.605516
2.408857 6.009556
3.108675 6.413597
3.808494 6.817637
4.508312 7.221677
5.208131 7.625718
5.907949 8.029758
6.607768 8.433799
7.307586 8.837839
8.007405 9.241879
8.574123 9.149183
8.743593 8.512218
8.043775 8.108177
7.343956 7.704137
6.644138 7.300096
5.944319 6.896056
5.244501 6.492016
4.544682 6.087975
3.844864 5.683935
4.014334 5.046969
4.418375 4.347151
4.822415 3.647332
5.226455 2.947514
5.630496 2.247695
6.034536 1.547877
6.438577 0.848058
6.949837 0.548388
7.649655 0.952429
8.349474 1.356469
9.049292 1.760510
9.749111 2.164550
10.448929 2.568590
11.148748 2.972631
11.848566 3.376671
12.271093 2.745844
11.902432 2.253070
11.202613 1.849030
10.502795 1.444989
9.802976 1.040949
9.103158 0.636908
8.403339 0.232868
7.703521 -0.171172
7.003702 -0.575213
6.303884 -0.979253
5.604065 -1.383294
4.904247 -1.787334
4.204428 -2.191374
3.504610 -2.595415
2.804791 -2.999455
2.104973 -3.403496
1.405154 -3.807536
0.705336 -4.211576
0.005517 -4.615617
-0.694301 -5.019657
-1.394120 -5.423698
-2.093938 -5.827738
-2.793757 -6.231778
-3.493575 -6.635819
-4.193394 -7.039859
-4.893212 -7.443900
-5.593031 -7.847940
-6.292849 -8.251980
-6.992668 -8.656021
-7.692486 -9.060061
-8.392305 -9.464102
