100
-9.000000 -3.000000
-9.000000 -2.393939
-9.000000 -1.787879
-9.000000 -1.181818
-9.000000 -0.575758
-9.000000 0.030303
-9.000000 0.636364
-9.000000 1.242424
-9.000000 1.848485
-9.000000 2.454545
-8.939394 3.000000
-8.333333 3.000000
-7.727273 3.000000
-7.121212 3.000000
-6.515152 3.000000
-5.909091 3.000000
-5.303030 3.000000
-4.696970 3.000000
-4.090909 3.000000
-3.484848 3.000000
-3.000000 3.121212
-3.000000 3.727273
-3.000000 4.333333
-2.560606 4.500000
-1.954545 4.500000
-1.348485 4.500000
-0.742424 4.500000
-0.136364 4.500000
0.469697 4.500000
1.075758 4.500000
1.500000 4.318182
1.500000 3.712121
1.500000 3.106061
2.000000 3.000000
2.606061 3.000000
3.212121 3.000000
3.818182 3.000000
4.424242 3.000000
5.030303 3.000000
5.636364 3.000000
6.242424 3.000000
6.848485 3.000000
7.454545 3.000000
8.060606 3.000000
8.666667 3.000000
9.000000 2.727273
8.871212 2.250000
8.265152 2.250000
7.659091 2.250000
7.053030 2.250000
6.446970 2.250000
5.840909 2.250000
5.234848 2.250000
4.628788 2.250000
4.500000 1.772727
4.500000 1.166667
4.500000 0.560606
4.500000 -0.045455
4.500000 -0.651515
4.500000 -1.257576
4.500000 -1.863636
4.719697 -2.250000
5.325758 -2.250000
5.931818 -2.250000
6.537879 -2.250000
7.143939 -2.250000
7.750000 -2.250000
8.356061 -2.250000
8.962121 -2.250000
9.000000 -2.818182
8.575758 -3.000000
7.969697 -3.000000
7.363636 -3.000000
6.757576 -3.000000
6.151515 -3.000000
5.545455 -3.000000
4.939394 -3.000000
4.333333 -3.000000
3.727273 -3.000000
3.121212 -3.000000
2.515152 -3.000000
1.909091 -3.000000
1.303030 -3.000000
0.696970 -3.000000
0.090909 -3.000000
-0.515152 -3.000000
-1.121212 -3.000000
-1.727273 -3.000000
-2.333333 -3.000000
-2.939394 -3.000000
-3.545455 -3.000000
-4.151515 -3.000000
-4.757576 -3.000000
-5.363636 -3.000000
-5.969697 -3.000000
-6.575758 -3.000000
-7.181818 -3.000000
-7.787879 -3.000000
-8.393939 -3.000000
-9.000000 -3.000000
