100
-6.294229 -7.098076
-6.597259 -6.573212
-6.900289 -6.048348
-7.203320 -5.523485
-7.506350 -4.998621
-7.809380 -4.473757
-8.112410 -3.948893
-8.415441 -3.424029
-8.718471 -2.899165
-9.021501 -2.374301
-9.241742 -1.871621
-8.716878 -1.568590
-8.192014 -1.265560
-7.667151 -0.962530
-7.142287 -0.659500
-6.617423 -0.356469
-6.092559 -0.053439
-5.567695 0.249591
-5.042831 0.552622
-4.517967 0.855652
-4.158682 1.203049
-4.461713 1.727913
-4.764743 2.252777
-4.467550 2.616811
-3.942686 2.919842
-3.417822 3.222872
-2.892958 3.525902
-2.368094 3.828932
-1.843230 4.131963
-1.318367 4.434993
-0.860053 4.489655
-0.557023 3.964791
-0.253992 3.439927
0.232051 3.598076
0.756915 3.901107
1.281779 4.204137
1.806642 4.507167
2.331506 4.810197
2.856370 5.113228
3.381234 5.416258
3.906098 5.719288
4.430962 6.022319
4.955826 6.325349
5.480690 6.628379
6.005553 6.931410
6.430592 6.861887
6.557695 6.384163
6.032831 6.081133
5.507967 5.778103
4.983103 5.475072
4.458240 5.172042
3.933376 4.869012
3.408512 4.565981
2.883648 4.262951
3.010751 3.785227
3.313781 3.260363
3.616811 2.735499
3.919842 2.210635
4.222872 1.685771
4.525902 1.160907
4.828932 0.636044
5.212377 0.411291
5.737241 0.714322
6.262105 1.017352
6.786969 1.320382
7.311833 1.623413
7.836697 1.926443
8.361561 2.229473
8.886425 2.532503
9.203320 2.059383
8.926824 1.689803
8.401960 1.386772
7.877096 1.083742
7.352232 0.780712
6.827368 0.477681
6.302505 0.174651
5.777641 -0.128379
5.252777 -0.431410
4.727913 -0.734440
4.203049 -1.037470
3.678185 -1.340500
3.153321 -1.643531
2.628457 -1.946561
2.103593 -2.249591
1.578730 -2.552622
1.053866 -2.855652
0.529002 -3.158682
0.004138 -3.461713
-0.520726 -3.764743
-1.045590 -4.067773
-1.570454 -4.370803
-2.095318 -4.673834
-2.620181 -4.976864
-3.145045 -5.279894
-3.669909 -5.582925
-4.194773 -5.885955
-4.719637 -6.188985
-5.244501 -6.492016
-5.769365 -6.795046
-6.294229 -7.098076
