100
-2.535898 -12.392305
-3.235717 -11.988264
-3.935535 -11.584224
-4.635354 -11.180184
-5.335172 -10.776143
-6.034991 -10.372103
-6.734809 -9.968062
-7.434628 -9.564022
-8.134446 -9.159982
-8.834265 -8.755941
-9.423698 -8.322323
-9.019657 -7.622504
-8.615617 -6.922686
-8.211576 -6.222867
-7.807536 -5.523049
-7.403496 -4.823230
-6.999455 -4.123412
-6.595415 -3.423593
-6.191374 -2.723775
-5.787334 -2.023956
-5.604065 -1.383294
-6.303884 -0.979253
-7.003702 -0.575213
-6.903223 0.043267
-6.499183 0.743085
-6.095142 1.442904
-5.691102 2.142722
-5.287062 2.842541
-4.883021 3.542359
-4.478981 4.242178
-3.986207 4.610839
-3.286388 4.206798
-2.586570 3.802758
-2.130768 4.309401
-1.726728 5.009220
-1.322687 5.709038
-0.918647 6.408857
-0.514607 7.108675
-0.110566 7.808494
0.293474 8.508312
0.697515 9.208131
1.101555 9.907949
1.505595 10.607768
1.909636 11.307586
2.313676 12.007405
2.850817 12.210487
3.316065 11.743593
2.912025 11.043775
2.507984 10.343956
2.103944 9.644138
1.699904 8.944319
1.295863 8.244501
0.891823 7.544682
0.487782 6.844864
0.953031 6.377971
1.652849 5.973930
2.352668 5.569890
3.052486 5.165849
3.752305 4.761809
4.452123 4.357769
5.151942 3.953728
5.744541 3.949837
6.148581 4.649655
6.552622 5.349474
6.956662 6.049292
7.360702 6.749111
7.764743 7.448929
8.168783 8.148748
8.572824 8.848566
9.254156 8.513517
9.181273 7.902432
8.777233 7.202613
8.373193 6.502795
7.969152 5.802976
7.565112 5.103158
7.161071 4.403339
6.757031 3.703521
6.352991 3.003702
5.948950 2.303884
5.544910 1.604065
5.140869 0.904247
4.736829 0.204428
4.332788 -0.495390
3.928748 -1.195209
3.524708 -1.895027
3.120667 -2.594846
2.716627 -3.294664
2.312586 -3.994483
1.908546 -4.694301
1.504506 -5.394120
1.100465 -6.093938
0.696425 -6.793757
0.292384 -7.493575
-0.111656 -8.193394
-0.515696 -8.893212
-0.919737 -9.593031
-1.323777 -10.292849
-1.727818 -10.992668
-2.131858 -11.692486
-2.535898 -12.392305
