100
4.000000 -12.000000
3.191919 -12.000000
2.383838 -12.000000
1.575758 -12.000000
0.767677 -12.000000
-0.040404 -12.000000
-0.848485 -12.000000
-1.656566 -12.000000
-2.464646 -12.000000
-3.272727 -12.000000
-4.000000 -11.919192
-4.000000 -11.111111
-4.000000 -10.303030
-4.000000 -9.494949
-4.000000 -8.686869
-4.000000 -7.878788
-4.000000 -7.070707
-4.000000 -6.262626
-4.000000 -5.454545
-4.000000 -4.646465
-4.161616 -4.000000
-4.969697 -4.000000
-5.777778 -4.000000
-6.000000 -3.414141
-6.000000 -2.606061
-6.000000 -1.797980
-6.000000 -0.989899
-6.000000 -0.181818
-6.000000 0.626263
-6.000000 1.434343
-5.757576 2.000000
-4.949495 2.000000
-4.141414 2.000000
-4.000000 2.666667
-4.000000 3.474747
-4.000000 4.282828
-4.000000 5.090909
-4.000000 5.898990
-4.000000 6.707071
-4.000000 7.515152
-4.000000 8.323232
-4.000000 9.131313
-4.000000 9.939394
-4.000000 10.747475
-4.000000 11.555556
-3.636364 12.000000
-3.000000 11.828283
-3.000000 11.020202
-3.000000 10.212121
-3.000000 9.404040
-3.000000 8.595960
-3.000000 7.787879
-3.000000 6.979798
-3.000000 6.171717
-2.363636 6.000000
-1.555556 6.000000
-0.747475 6.000000
0.060606 6.000000
0.868687 6.000000
1.676768 6.000000
2.484848 6.000000
3.000000 6.292929
3.000000 7.101010
3.000000 7.909091
3.000000 8.717172
3.000000 9.525253
3.000000 10.333333
3.000000 11.141414
3.000000 11.949495
3.757576 12.000000
4.000000 11.434343
4.000000 10.626263
4.000000 9.818182
4.000000 9.010101
4.000000 8.202020
4.000000 7.393939
4.000000 6.585859
4.000000 5.777778
4.000000 4.969697
4.000000 4.161616
4.000000 3.353535
4.000000 2.545455
4.000000 1.737374
4.000000 0.929293
4.000000 0.121212
4.000000 -0.686869
4.000000 -1.494949
4.000000 -2.303030
4.000000 -3.111111
4.000000 -3.919192
4.000000 -4.727273
4.000000 -5.535354
4.000000 -6.343434
4.000000 -7.151515
4.000000 -7.959596
4.000000 -8.767677
4.000000 -9.575758
4.000000 -10.383838
4.000000 -11.191919
4.000000 -12.000000
