100
-1.267949 -6.196152
-1.617858 -5.994132
-1.967768 -5.792112
-2.317677 -5.590092
-2.667586 -5.388072
-3.017495 -5.186051
-3.367405 -4.984031
-3.717314 -4.782011
-4.067223 -4.579991
-4.417132 -4.377971
-4.711849 -4.161161
-4.509829 -3.811252
-4.307808 -3.461343
-4.105788 -3.111434
-3.903768 -2.761524
-3.701748 -2.411615
-3.499728 -2.061706
-3.297707 -1.711797
-3.095687 -1.361887
-2.893667 -1.011978
-2.802033 -0.691647
-3.151942 -0.489627
-3.501851 -0.287606
-3.451612 0.021633
-3.249591 0.371543
-3.047571 0.721452
-2.845551 1.071361
-2.643531 1.421270
-2.441511 1.771180
-2.239490 2.121089
-1.993103 2.305419
-1.643194 2.103399
-1.293285 1.901379
-1.065384 2.154701
-0.863364 2.504610
-0.661344 2.854519
-0.459324 3.204428
-0.257303 3.554338
-0.055283 3.904247
0.146737 4.254156
0.348757 4.604065
0.550777 4.953975
0.752798 5.303884
0.954818 5.653793
1.156838 6.003702
1.425408 6.105243
1.658033 5.871797
1.456012 5.521887
1.253992 5.171978
1.051972 4.822069
0.849952 4.472160
0.647932 4.122250
0.445911 3.772341
0.243891 3.422432
0.476515 3.188985
0.826425 2.986965
1.176334 2.784945
1.526243 2.582925
1.876152 2.380904
2.226062 2.178884
2.575971 1.976864
2.872270 1.974918
3.074291 2.324828
3.276311 2.674737
3.478331 3.024646
3.680351 3.374555
3.882371 3.724465
4.084392 4.074374
4.286412 4.424283
4.627078 4.256758
4.590637 3.951216
4.388616 3.601307
4.186596 3.251397
3.984576 2.901488
3.782556 2.551579
3.580536 2.201670
3.378515 1.851760
3.176495 1.501851
2.974475 1.151942
2.772455 0.802033
2.570435 0.452123
2.368414 0.102214
2.166394 -0.247695
1.964374 -0.597604
1.762354 -0.947514
1.560334 -1.297423
1.358313 -1.647332
1.156293 -1.997241
0.954273 -2.347151
0.752253 -2.697060
0.550233 -3.046969
0.348212 -3.396878
0.146192 -3.746788
-0.055828 -4.096697
-0.257848 -4.446606
-0.459868 -4.796515
-0.661889 -5.146425
-0.863909 -5.496334
-1.065929 -5.846243
-1.267949 -6.196152
