100
0.000000 6.000000
0.210200 5.789800
0.420401 5.579599
0.630601 5.369399
0.840801 5.159199
1.051002 4.948998
1.261202 4.738798
1.471403 4.528597
1.681603 4.318397
1.891803 4.108197
2.064513 3.870974
2.197455 3.605090
2.330398 3.339205
2.463340 3.073320
2.596282 2.807435
2.729225 2.541551
2.862167 2.275666
2.995110 2.009781
3.000000 1.713667
3.000000 1.416399
3.000000 1.119131
3.000000 0.821863
3.000000 0.524594
3.000000 0.227326
3.000000 -0.069942
3.000000 -0.367210
3.000000 -0.664478
3.000000 -0.961747
3.000000 -1.259015
3.000000 -1.556283
3.000000 -1.853551
3.000000 -2.150820
3.000000 -2.448088
3.000000 -2.745356
3.000000 -3.042624
3.000000 -3.339892
3.000000 -3.637161
3.000000 -3.934429
2.836165 -4.163835
2.625965 -4.374035
2.415765 -4.584235
2.205564 -4.794436
1.994136 -5.002932
1.728251 -5.135874
1.462366 -5.268817
1.196481 -5.401759
0.930597 -5.534702
0.664712 -5.667644
0.398827 -5.800586
0.132942 -5.933529
-0.132942 -5.933529
-0.398827 -5.800586
-0.664712 -5.667644
-0.930597 -5.534702
-1.196481 -5.401759
-1.462366 -5.268817
-1.728251 -5.135874
-1.994136 -5.002932
-2.205564 -4.794436
-2.415765 -4.584235
-2.625965 -4.374035
-2.836165 -4.163835
-3.000000 -3.934429
-3.000000 -3.637161
-3.000000 -3.339892
-3.000000 -3.042624
-3.000000 -2.745356
-3.000000 -2.448088
-3.000000 -2.150820
-3.000000 -1.853551
-3.000000 -1.556283
-3.000000 -1.259015
-3.000000 -0.961747
-3.000000 -0.664478
-3.000000 -0.367210
-3.000000 -0.069942
-3.000000 0.227326
-3.000000 0.524594
-3.000000 0.821863
-3.000000 1.119131
-3.000000 1.416399
-3.000000 1.713667
-2.995110 2.009781
-2.862167 2.275666
-2.729225 2.541551
-2.596282 2.807435
-2.463340 3.073320
-2.330398 3.339205
-2.197455 3.605090
-2.064513 3.870974
-1.891803 4.108197
-1.681603 4.318397
-1.471403 4.528597
-1.261202 4.738798
-1.051002 4.948998
-0.840801 5.159199
-0.630601 5.369399
-0.420401 5.579599
-0.210200 5.789800
0.000000 6.000000
