100
-10.392305 6.000000
-9.818027 6.153877
-9.243749 6.307755
-8.669471 6.461632
-8.095192 6.615509
-7.520914 6.769387
-6.946636 6.923264
-6.372358 7.077141
-5.798080 7.231019
-5.223802 7.384896
-4.640211 7.446815
-4.046743 7.411194
-3.453275 7.375572
-2.859807 7.339950
-2.266338 7.304328
-1.672870 7.268706
-1.079402 7.233085
-0.485933 7.197463
0.031841 6.909820
0.546725 6.612551
1.061609 6.315283
1.576492 6.018015
2.091376 5.720747
2.606260 5.423479
3.121143 5.126210
3.636027 4.828942
4.150911 4.531674
4.665794 4.234406
5.180678 3.937138
5.695561 3.639869
6.210445 3.342601
6.725329 3.045333
7.240212 2.748065
7.755096 2.450796
8.269980 2.153528
8.784863 1.856260
9.299747 1.558992
9.814631 1.261724
10.048138 0.748548
10.202016 0.174270
10.355893 -0.400008
10.509771 -0.974286
10.659468 -1.548988
10.623847 -2.142456
10.588225 -2.735924
10.552603 -3.329393
10.516981 -3.922861
10.481359 -4.516329
10.445738 -5.109798
10.410116 -5.703266
10.144231 -6.163792
9.648083 -6.491375
9.151935 -6.818959
8.655788 -7.146542
8.159640 -7.474126
7.663492 -7.801710
7.167345 -8.129293
6.671197 -8.456877
6.098642 -8.614585
5.524364 -8.768462
4.950086 -8.922340
4.375808 -9.076217
3.814631 -9.130581
3.299747 -8.833313
2.784863 -8.536045
2.269980 -8.238777
1.755096 -7.941508
1.240212 -7.644240
0.725329 -7.346972
0.210445 -7.049704
-0.304439 -6.752436
-0.819322 -6.455167
-1.334206 -6.157899
-1.849089 -5.860631
-2.363973 -5.563363
-2.878857 -5.266094
-3.393740 -4.968826
-3.908624 -4.671558
-4.423508 -4.374290
-4.938391 -4.077022
-5.453275 -3.779753
-5.968159 -3.482485
-6.476152 -3.177901
-6.803736 -2.681753
-7.131319 -2.185605
-7.458903 -1.689458
-7.786486 -1.193310
-8.114070 -0.697162
-8.441654 -0.201014
-8.769237 0.295133
-9.007409 0.831497
-9.161286 1.405775
-9.315163 1.980053
-9.469041 2.554331
-9.622918 3.128610
-9.776795 3.702888
-9.930673 4.277166
-10.084550 4.851444
-10.238427 5.425722
-10.392305 6.000000
