100
0.000000 12.000000
0.420401 11.579599
0.840801 11.159199
1.261202 10.738798
1.681603 10.318397
2.102004 9.897996
2.522404 9.477596
2.942805 9.057195
3.363206 8.636794
3.783607 8.216393
4.129026 7.741949
4.394910 7.210179
4.660795 6.678410
4.926680 6.146640
5.192565 5.614871
5.458449 5.083101
5.724334 4.551331
5.990219 4.019562
6.000000 3.427334
6.000000 2.832798
6.000000 2.238262
6.000000 1.643725
6.000000 1.049189
6.000000 0.454652
6.000000 -0.139884
6.000000 -0.734421
6.000000 -1.328957
6.000000 -1.923493
6.000000 -2.518030
6.000000 -3.112566
6.000000 -3.707103
6.000000 -4.301639
6.000000 -4.896176
6.000000 -5.490712
6.000000 -6.085248
6.000000 -6.679785
6.000000 -7.274321
6.000000 -7.868858
5.672331 -8.327669
5.251930 -8.748070
4.831529 -9.168471
4.411129 -9.588871
3.988272 -10.005864
3.456502 -10.271749
2.924733 -10.537634
2.392963 -10.803519
1.861193 -11.069403
1.329424 -11.335288
0.797654 -11.601173
0.265885 -11.867058
-0.265885 -11.867058
-0.797654 -11.601173
-1.329424 -11.335288
-1.861193 -11.069403
-2.392963 -10.803519
-2.924733 -10.537634
-3.456502 -10.271749
-3.988272 -10.005864
-4.411129 -9.588871
-4.831529 -9.168471
-5.251930 -8.748070
-5.672331 -8.327669
-6.000000 -7.868858
-6.000000 -7.274321
-6.000000 -6.679785
-6.000000 -6.085248
-6.000000 -5.490712
-6.000000 -4.896176
-6.000000 -4.301639
-6.000000 -3.707103
-6.000000 -3.112566
-6.000000 -2.518030
-6.000000 -1.923493
-6.000000 -1.328957
-6.000000 -0.734421
-6.000000 -0.139884
-6.000000 0.454652
-6.000000 1.049189
-6.000000 1.643725
-6.000000 2.238262
-6.000000 2.832798
-6.000000 3.427334
-5.990219 4.019562
-5.724334 4.551331
-5.458449 5.083101
-5.192565 5.614871
-4.926680 6.146640
-4.660795 6.678410
-4.394910 7.210179
-4.129026 7.741949
-3.783607 8.216393
-3.363206 8.636794
-2.942805 9.057195
-2.522404 9.477596
-2.102004 9.897996
-1.681603 10.318397
-1.261202 10.738798
-0.840801 11.159199
-0.420401 11.579599
0.000000 12.000000
