100
-9.000000 0.000000
-8.684699 0.315301
-8.369399 0.630601
-8.054098 0.945902
-7.738798 1.261202
-7.423497 1.576503
-7.108197 1.891803
-6.792896 2.207104
-6.477596 2.522404
-6.162295 2.837705
-5.806462 3.096769
-5.407634 3.296183
-5.008807 3.495596
-4.609980 3.695010
-4.211153 3.894424
-3.812326 4.093837
-3.413499 4.293251
-3.014671 4.492664
-2.570501 4.500000
-2.124599 4.500000
-1.678696 4.500000
-1.232794 4.500000
-0.786892 4.500000
-0.340989 4.500000
0.104913 4.500000
0.550815 4.500000
0.996718 4.500000
1.442620 4.500000
1.888522 4.500000
2.334425 4.500000
2.780327 4.500000
3.226229 4.500000
3.672132 4.500000
4.118034 4.500000
4.563936 4.500000
5.009839 4.500000
5.455741 4.500000
5.901643 4.500000
6.245752 4.254248
6.561052 3.938948
6.876353 3.623647
7.191654 3.308346
7.504398 2.991204
7.703812 2.592377
7.903225 2.193549
8.102639 1.794722
8.302052 1.395895
8.501466 0.997068
8.700880 0.598241
8.900293 0.199414
8.900293 -0.199414
8.700880 -0.598241
8.501466 -0.997068
8.302052 -1.395895
8.102639 -1.794722
7.903225 -2.193549
7.703812 -2.592377
7.504398 -2.991204
7.191654 -3.308346
6.876353 -3.623647
6.561052 -3.938948
6.245752 -4.254248
5.901643 -4.500000
5.455741 -4.500000
5.009839 -4.500000
4.563936 -4.500000
4.118034 -4.500000
3.672132 -4.500000
3.226229 -4.500000
2.780327 -4.500000
2.334425 -4.500000
1.888522 -4.500000
1.442620 -4.500000
0.996718 -4.500000
0.550815 -4.500000
0.104913 -4.500000
-0.340989 -4.500000
-0.786892 -4.500000
-1.232794 -4.500000
-1.678696 -4.500000
-2.124599 -4.500000
-2.570501 -4.500000
-3.014671 -4.492664
-3.413499 -4.293251
-3.812326 -4.093837
-4.211153 -3.894424
-4.609980 -3.695010
-5.008807 -3.495596
-5.407634 -3.296183
-5.806462 -3.096769
-6.162295 -2.837705
-6.477596 -2.522404
-6.792896 -2.207104
-7.108197 -1.891803
-7.423497 -1.576503
-7.738798 -1.261202
-8.054098 -0.945902
-8.369399 -0.630601
-8.684699 -0.315301
-9.000000 0.000000
