100
-3.000000 5.196152
-2.712861 5.119214
-2.425722 5.042275
-2.138583 4.965336
-1.851444 4.888398
-1.564305 4.811459
-1.277166 4.734520
-0.990027 4.657582
-0.702888 4.580643
-0.415749 4.503704
-0.147567 4.384619
0.100507 4.220827
0.348581 4.057035
0.596655 3.893243
0.844729 3.729451
1.092803 3.565660
1.340877 3.401868
1.588950 3.238076
1.741243 2.984079
1.889877 2.726638
2.038511 2.469196
2.187145 2.211754
2.335779 1.954312
2.484413 1.696870
2.633047 1.439428
2.781681 1.181987
2.930315 0.924545
3.078950 0.667103
3.227584 0.409661
3.376218 0.152219
3.524852 -0.105223
3.673486 -0.362664
3.822120 -0.620106
3.970754 -0.877548
4.119388 -1.134990
4.268022 -1.392432
4.416657 -1.649874
4.565291 -1.907315
4.538109 -2.187904
4.461170 -2.475043
4.384231 -2.762182
4.307293 -3.049321
4.228438 -3.335598
4.064647 -3.583672
3.900855 -3.831746
3.737063 -4.079820
3.573271 -4.327894
3.409479 -4.575968
3.245688 -4.824042
3.081896 -5.072115
2.851633 -5.205058
2.554899 -5.222869
2.258165 -5.240680
1.961430 -5.258491
1.664696 -5.276301
1.367962 -5.294112
1.071228 -5.311923
0.774494 -5.329734
0.487143 -5.254885
0.200004 -5.177947
-0.087135 -5.101008
-0.374274 -5.024069
-0.630862 -4.907315
-0.779496 -4.649874
-0.928130 -4.392432
-1.076764 -4.134990
-1.225398 -3.877548
-1.374032 -3.620106
-1.522666 -3.362664
-1.671301 -3.105223
-1.819935 -2.847781
-1.968569 -2.590339
-2.117203 -2.332897
-2.265837 -2.075455
-2.414471 -1.818013
-2.563105 -1.560572
-2.711739 -1.303130
-2.860373 -1.045688
-3.009008 -0.788246
-3.157642 -0.530804
-3.306276 -0.273362
-3.454910 -0.015921
-3.598731 0.242967
-3.616542 0.539701
-3.634353 0.836435
-3.652164 1.133169
-3.669975 1.429903
-3.687786 1.726637
-3.705597 2.023372
-3.723408 2.320106
-3.692448 2.611901
-3.615509 2.899040
-3.538571 3.186179
-3.461632 3.473318
-3.384693 3.760457
-3.307755 4.047596
-3.230816 4.334735
-3.153877 4.621874
-3.076939 4.909013
-3.000000 5.196152
