100
-6.000000 10.392305
-5.425722 10.238427
-4.851444 10.084550
-4.277166 9.930673
-3.702888 9.776795
-3.128610 9.622918
-2.554331 9.469041
-1.980053 9.315163
-1.405775 9.161286
-0.831497 9.007409
-0.295133 8.769237
0.201014 8.441654
0.697162 8.114070
1.193310 7.786486
1.689458 7.458903
2.185605 7.131319
2.681753 6.803736
3.177901 6.476152
3.482485 5.968159
3.779753 5.453275
4.077022 4.938391
4.374290 4.423508
4.671558 3.908624
4.968826 3.393740
5.266094 2.878857
5.563363 2.363973
5.860631 1.849089
6.157899 1.334206
6.455167 0.819322
6.752436 0.304439
7.049704 -0.210445
7.346972 -0.725329
7.644240 -1.240212
7.941508 -1.755096
8.238777 -2.269980
8.536045 -2.784863
8.833313 -3.299747
9.130581 -3.814631
9.076217 -4.375808
8.922340 -4.950086
8.768462 -5.524364
8.614585 -6.098642
8.456877 -6.671197
8.129293 -7.167345
7.801710 -7.663492
7.474126 -8.159640
7.146542 -8.655788
6.818959 -9.151935
6.491375 -9.648083
6.163792 -10.144231
5.703266 -10.410116
5.109798 -10.445738
4.516329 -10.481359
3.922861 -10.516981
3.329393 -10.552603
2.735924 -10.588225
2.142456 -10.623847
1.548988 -10.659468
0.974286 -10.509771
0.400008 -10.355893
-0.174270 -10.202016
-0.748548 -10.048138
-1.261724 -9.814631
-1.558992 -9.299747
-1.856260 -8.784863
-2.153528 -8.269980
-2.450796 -7.755096
-2.748065 -7.240212
-3.045333 -6.725329
-3.342601 -6.210445
-3.639869 -5.695561
-3.937138 -5.180678
-4.234406 -4.665794
-4.531674 -4.150911
-4.828942 -3.636027
-5.126210 -3.121143
-5.423479 -2.606260
-5.720747 -2.091376
-6.018015 -1.576492
-6.315283 -1.061609
-6.612551 -0.546725
-6.909820 -0.031841
-7.197463 0.485933
-7.233085 1.079402
-7.268706 1.672870
-7.304328 2.266338
-7.339950 2.859807
-7.375572 3.453275
-7.411194 4.046743
-7.446815 4.640211
-7.384896 5.223802
-7.231019 5.798080
-7.077141 6.372358
-6.923264 6.946636
-6.769387 7.520914
-6.615509 8.095192
-6.461632 8.669471
-6.307755 9.243749
-6.153877 9.818027
-6.000000 10.392305
