100
0.000000 9.000000
0.315301 8.684699
0.630601 8.369399
0.945902 8.054098
1.261202 7.738798
1.576503 7.423497
1.891803 7.108197
2.207104 6.792896
2.522404 6.477596
2.837705 6.162295
3.096769 5.806462
3.296183 5.407634
3.495596 5.008807
3.695010 4.609980
3.894424 4.211153
4.093837 3.812326
4.293251 3.413499
4.492664 3.014671
4.500000 2.570501
4.500000 2.124599
4.500000 1.678696
4.500000 1.232794
4.500000 0.786892
4.500000 0.340989
4.500000 -0.104913
4.500000 -0.550815
4.500000 -0.996718
4.500000 -1.442620
4.500000 -1.888522
4.500000 -2.334425
4.500000 -2.780327
4.500000 -3.226229
4.500000 -3.672132
4.500000 -4.118034
4.500000 -4.563936
4.500000 -5.009839
4.500000 -5.455741
4.500000 -5.901643
4.254248 -6.245752
3.938948 -6.561052
3.623647 -6.876353
3.308346 -7.191654
2.991204 -7.504398
2.592377 -7.703812
2.193549 -7.903225
1.794722 -8.102639
1.395895 -8.302052
0.997068 -8.501466
0.598241 -8.700880
0.199414 -8.900293
-0.199414 -8.900293
-0.598241 -8.700880
-0.997068 -8.501466
-1.395895 -8.302052
-1.794722 -8.102639
-2.193549 -7.903225
-2.592377 -7.703812
-2.991204 -7.504398
-3.308346 -7.191654
-3.623647 -6.876353
-3.938948 -6.561052
-4.254248 -6.245752
-4.500000 -5.901643
-4.500000 -5.455741
-4.500000 -5.009839
-4.500000 -4.563936
-4.500000 -4.118034
-4.500000 -3.672132
-4.500000 -3.226229
-4.500000 -2.780327
-4.500000 -2.334425
-4.500000 -1.888522
-4.500000 -1.442620
-4.500000 -0.996718
-4.500000 -0.550815
-4.500000 -0.104913
-4.500000 0.340989
-4.500000 0.786892
-4.500000 1.232794
-4.500000 1.678696
-4.500000 2.124599
-4.500000 2.570501
-4.492664 3.014671
-4.293251 3.413499
-4.093837 3.812326
-3.894424 4.211153
-3.695010 4.609980
-3.495596 5.008807
-3.296183 5.407634
-3.096769 5.806462
-2.837705 6.162295
-2.522404 6.477596
-2.207104 6.792896
-1.891803 7.108197
-1.576503 7.423497
-1.261202 7.738798
-0.945902 8.054098
-0.630601 8.369399
-0.315301 8.684699
0.000000 9.000000
