100
-7.794229 4.500000
-7.363520 4.615408
-6.932811 4.730816
-6.502103 4.846224
-6.071394 4.961632
-5.640686 5.077040
-5.209977 5.192448
-4.779269 5.307856
-4.348560 5.423264
-3.917852 5.538672
-3.480159 5.585112
-3.035057 5.558395
-2.589956 5.531679
-2.144855 5.504963
-1.699754 5.478246
-1.254652 5.451530
-0.809551 5.424813
-0.364450 5.398097
0.023881 5.182365
0.410044 4.959414
0.796206 4.736462
1.182369 4.513511
1.568532 4.290560
1.954695 4.067609
2.340857 3.844658
2.727020 3.621707
3.113183 3.398755
3.499346 3.175804
3.885508 2.952853
4.271671 2.729902
4.657834 2.506951
5.043997 2.284000
5.430159 2.061048
5.816322 1.838097
6.202485 1.615146
6.588648 1.392195
6.974810 1.169244
7.360973 0.946293
7.536104 0.561411
7.651512 0.130702
7.766920 -0.300006
7.882328 -0.730715
7.994601 -1.161741
7.967885 -1.606842
7.941169 -2.051943
7.914452 -2.497044
7.887736 -2.942146
7.861020 -3.387247
7.834303 -3.832348
7.807587 -4.277449
7.608173 -4.622844
7.236062 -4.868531
6.863952 -5.114219
6.491841 -5.359907
6.119730 -5.605594
5.747619 -5.851282
5.375508 -6.096970
5.003398 -6.342657
4.573981 -6.460939
4.143273 -6.576347
3.712564 -6.691755
3.281856 -6.807163
2.860973 -6.847936
2.474810 -6.624985
2.088648 -6.402034
1.702485 -6.179082
1.316322 -5.956131
0.930159 -5.733180
0.543997 -5.510229
0.157834 -5.287278
-0.228329 -5.064327
-0.614492 -4.841376
-1.000654 -4.618424
-1.386817 -4.395473
-1.772980 -4.172522
-2.159143 -3.949571
-2.545305 -3.726620
-2.931468 -3.503669
-3.317631 -3.280717
-3.703794 -3.057766
-4.089956 -2.834815
-4.476119 -2.611864
-4.857114 -2.383426
-5.102802 -2.011315
-5.348490 -1.639204
-5.594177 -1.267093
-5.839865 -0.894982
-6.085553 -0.522872
-6.331240 -0.150761
-6.576928 0.221350
-6.755557 0.623623
-6.870965 1.054331
-6.986373 1.485040
-7.101781 1.915749
-7.217189 2.346457
-7.332597 2.777166
-7.448005 3.207874
-7.563413 3.638583
-7.678821 4.069291
-7.794229 4.500000
