100
-12.000000 0.000000
-11.579599 0.420401
-11.159199 0.840801
-10.738798 1.261202
-10.318397 1.681603
-9.897996 2.102004
-9.477596 2.522404
-9.057195 2.942805
-8.636794 3.363206
-8.216393 3.783607
-7.741949 4.129026
-7.210179 4.394910
-6.678410 4.660795
-6.146640 4.926680
-5.614871 5.192565
-5.083101 5.458449
-4.551331 5.724334
-4.019562 5.990219
-3.427334 6.000000
-2.832798 6.000000
-2.238262 6.000000
-1.643725 6.000000
-1.049189 6.000000
-0.454652 6.000000
0.139884 6.000000
0.734421 6.000000
1.328957 6.000000
1.923493 6.000000
2.518030 6.000000
3.112566 6.000000
3.707103 6.000000
4.301639 6.000000
4.896176 6.000000
5.490712 6.000000
6.085248 6.000000
6.679785 6.000000
7.274321 6.000000
7.868858 6.000000
8.327669 5.672331
8.748070 5.251930
9.168471 4.831529
9.588871 4.411129
10.005864 3.988272
10.271749 3.456502
10.537634 2.924733
10.803519 2.392963
11.069403 1.861193
11.335288 1.329424
11.601173 0.797654
11.867058 0.265885
11.867058 -0.265885
11.601173 -0.797654
11.335288 -1.329424
11.069403 -1.861193
10.803519 -2.392963
10.537634 -2.924733
10.271749 -3.456502
10.005864 -3.988272
9.588871 -4.411129
9.168471 -4.831529
8.748070 -5.251930
8.327669 -5.672331
7.868858 -6.000000
7.274321 -6.000000
6.679785 -6.000000
6.085248 -6.000000
5.490712 -6.000000
4.896176 -6.000000
4.301639 -6.000000
3.707103 -6.000000
3.112566 -6.000000
2.518030 -6.000000
1.923493 -6.000000
1.328957 -6.000000
0.734421 -6.000000
0.139884 -6.000000
-0.454652 -6.000000
-1.049189 -6.000000
-1.643725 -6.000000
-2.238262 -6.000000
-2.832798 -6.000000
-3.427334 -6.000000
-4.019562 -5.990219
-4.551331 -5.724334
-5.083101 -5.458449
-5.614871 -5.192565
-6.146640 -4.926680
-6.678410 -4.660795
-7.210179 -4.394910
-7.741949 -4.129026
-8.216393 -3.783607
-8.636794 -3.363206
-9.057195 -2.942805
-9.477596 -2.522404
-9.897996 -2.102004
-10.318397 -1.681603
-10.738798 -1.261202
-11.159199 -0.840801
-11.579599 -0.420401
-12.000000 0.000000
