100
-5.196152 3.000000
-4.909013 3.076939
-4.621874 3.153877
-4.334735 3.230816
-4.047596 3.307755
-3.760457 3.384693
-3.473318 3.461632
-3.186179 3.538571
-2.899040 3.615509
-2.611901 3.692448
-2.320106 3.723408
-2.023372 3.705597
-1.726637 3.687786
-1.429903 3.669975
-1.133169 3.652164
-0.836435 3.634353
-0.539701 3.616542
-0.242967 3.598731
0.015921 3.454910
0.273362 3.306276
0.530804 3.157642
0.788246 3.009008
1.045688 2.860373
1.303130 2.711739
1.560572 2.563105
1.818013 2.414471
2.075455 2.265837
2.332897 2.117203
2.590339 1.968569
2.847781 1.819935
3.105223 1.671301
3.362664 1.522666
3.620106 1.374032
3.877548 1.225398
4.134990 1.076764
4.392432 0.928130
4.649874 0.779496
4.907315 0.630862
5.024069 0.374274
5.101008 0.087135
5.177947 -0.200004
5.254885 -0.487143
5.329734 -0.774494
5.311923 -1.071228
5.294112 -1.367962
5.276301 -1.664696
5.258491 -1.961430
5.240680 -2.258165
5.222869 -2.554899
5.205058 -2.851633
5.072115 -3.081896
4.824042 -3.245688
4.575968 -3.409479
4.327894 -3.573271
4.079820 -3.737063
3.831746 -3.900855
3.583672 -4.064647
3.335598 -4.228438
3.049321 -4.307293
2.762182 -4.384231
2.475043 -4.461170
2.187904 -4.538109
1.907315 -4.565291
1.649874 -4.416657
1.392432 -4.268022
1.134990 -4.119388
0.877548 -3.970754
0.620106 -3.822120
0.362664 -3.673486
0.105223 -3.524852
-0.152219 -3.376218
-0.409661 -3.227584
-0.667103 -3.078950
-0.924545 -2.930315
-1.181987 -2.781681
-1.439428 -2.633047
-1.696870 -2.484413
-1.954312 -2.335779
-2.211754 -2.187145
-2.469196 -2.038511
-2.726638 -1.889877
-2.984079 -1.741243
-3.238076 -1.588950
-3.401868 -1.340877
-3.565660 -1.092803
-3.729451 -0.844729
-3.893243 -0.596655
-4.057035 -0.348581
-4.220827 -0.100507
-4.384619 0.147567
-4.503704 0.415749
-4.580643 0.702888
-4.657582 0.990027
-4.734520 1.277166
-4.811459 1.564305
-4.888398 1.851444
-4.965336 2.138583
-5.042275 2.425722
-5.119214 2.712861
-5.196152 3.000000
